3 4 6521 11444 3312 6282 
2 5 6282 6334 9334 9361 11372 
2 3 6332 11245 6375 
3 4 6521 9428 6441 514 
3 4 6521 3499 9456 3522 
1 4 6377 6263 6325 9347 
2 3 9347 6257 6389 
1 3 6377 3271 3326 
2 4 9347 6325 6349 3326 
1 2 3326 241 
4 3 6469 6570 587 
3 3 6469 495 6535 
1 4 11388 247 309 3326 
1 4 6469 6570 529 11494 
3 3 11494 6444 6488 
3 2 9517 11499 
2 2 11499 708 
1 3 708 3705 692 
1 3 692 11653 9515 
1 4 9655 11638 6693 692 
1 3 11499 3690 9655 
3 6 6488 3524 9547 3398 495 6469 
2 4 9515 3299 571 11544 
1 3 692 9652 707 
1 5 707 3688 11653 6725 9515 
2 4 11499 9545 11529 11544 
1 5 6488 3524 6549 9524 3561 
3 4 3561 425 6487 3522 
1 4 3561 425 6582 3535 
1 3 3535 11481 6559 
1 4 3535 6582 6487 3522 
1 4 11372 11343 9263 362 
2 4 758 11710 9689 6734 
2 6 9817 6924 799 3861 11805 15351 
1 7 6880 9765 3866 980 970 11768 11805 
2 3 6734 9686 11677 
1 4 11677 11692 6955 758 
1 3 9764 854 9824 
2 8 6906 9896 6817 3873 6966 6836 6812 9764 
1 4 6906 6959 9889 4098 
1 2 4098 10024 
1 5 10024 10109 4065 11956 1176 
1 3 1176 11956 12038 
2 4 1176 7068 7198 4182 
1 3 4182 10009 9979 
1 4 7183 1048 4135 15113 
1 4 4182 7198 6744 875 
1 3 7183 1178 875 
2 4 3816 9813 11821 915 
2 8 3816 813 11766 9785 3928 6993 9767 15523 
1 7 11825 9846 9800 3794 15523 9767 3938 
1 4 11825 6936 903 885 
1 6 11825 4024 3920 726 3729 11707 
1 7 11677 11840 3725 3727 3918 918 11825 
1 5 11707 6749 9703 11688 740 
1 5 6867 874 845 889 9817 
2 4 10024 1093 9903 832 
1 4 4098 1093 11884 832 
1 5 832 942 9757 6914 3938 
2 4 875 3871 3810 6948 
1 5 3945 6879 9852 6914 3938 
1 6 6906 3799 871 7213 11737 3816 
2 4 6287 6393 3260 3325 
1 3 6364 6235 394 
1 4 241 11360 11318 9335 
1 2 9335 6336 
3 2 6241 391 
1 3 6241 6286 6336 
3 2 6598 516 
2 4 587 9522 11562 11519 
1 3 11519 13068 516 
2 4 6583 11435 11470 11494 
1 2 6560 516 
3 3 516 3576 11483 
2 4 740 6756 15114 743 
4 8 6613 3589 780 762 11713 958 15234 11834 
2 2 9642 3652 
2 3 9642 6698 698 
2 3 678 6529 9503 
2 5 9503 1346 3629 11502 9559 
2 3 11531 11502 9559 
2 5 6780 11730 9741 14642 3780 
2 3 9620 6683 678 
2 6 3780 607 6635 636 9618 9620 
1 3 663 9638 9620 
1 4 3692 11640 9638 663 
1 8 663 11623 6680 6678 9633 11618 673 9652 
1 4 9515 9681 3703 9665 
1 4 9665 11651 704 11666 
2 7 3673 3674 6673 3657 14647 6656 11584 
2 4 11584 628 3772 6626 
1 5 3673 3674 6673 11595 3772 
2 3 688 3684 9665 
2 6 663 11601 3641 9600 9584 3780 
2 3 603 3604 11584 
3 4 603 3776 773 3780 
2 6 673 11618 9630 11598 9598 603 
2 5 603 3776 14643 11734 6606 
1 5 11584 9582 14644 6793 6606 
1 4 3780 6790 9752 6606 
2 2 6606 782 
2 4 782 9924 967 925 
3 2 9904 11751 
3 4 11751 6862 6875 11833 
2 4 9907 1616 6985 6606 
3 5 9907 9879 9750 6862 11751 
1 6 925 6926 14654 14652 9794 9904 
1 4 6831 9838 14656 925 
2 4 883 6843 9784 11837 
1 4 883 6939 3966 6831 
2 4 883 11803 955 819 
3 2 11846 9904 
3 3 11846 9826 819 
2 8 819 955 851 3968 10027 3901 12066 9990 
1 2 11998 11837 
1 3 10027 9856 11837 
1 2 4014 4159 
2 4 4159 1156 3857 10074 
1 5 11773 11874 11824 9772 6891 
2 6 383 3307 6412 9362 6345 9279 
2 4 11380 11082 161 6050 
2 10 383 6331 3286 3375 3063 6188 9209 9109 11188 11082 
2 6 11542 9414 469 573 6559 514 
2 5 9692 9539 3484 9551 11539 
1 4 11539 9551 9567 3583 
1 4 11539 581 3550 3581 
2 7 9660 9690 6561 11679 541 9539 9692 
2 7 9660 11663 9676 6720 686 3700 11666 
2 3 9627 599 3772 
2 2 3663 9617 
1 4 657 6677 11603 9617 
2 3 6711 3709 3696 
1 3 746 713 3696 
1 5 3581 6586 11691 3548 746 
1 5 11105 6108 11211 9194 3083 
2 4 3151 3060 9100 9206 
1 5 9206 6082 11056 9183 9073 
5 7 6558 17 11515 493 9508 9400 3544 
1 8 383 295 11070 69 147 3007 11184 6115 
1 7 9096 6151 9036 3094 9204 9103 6115 
1 9 6115 11078 9157 27 11037 3059 9170 6145 122 
1 4 11028 9157 11078 6115 
1 6 11028 9227 11206 9139 3022 21 
1 3 192 6055 101 
1 7 101 3095 11155 9226 9186 3104 9108 
1 11 9108 6083 6161 9220 11067 118 11185 6063 130 205 3108 
1 10 6050 9149 3182 11091 9117 49 9051 125 9035 3108 
1 10 11159 9118 3033 11092 155 11175 6021 94 9195 3189 
1 9 3189 86 3008 9162 3121 6181 9201 11117 3134 
1 6 9073 11138 9163 9056 9163 141 
4 10 306 3362 6387 9272 11254 335 401 3327 3391 6380 
1 9 11479 9468 6483 9425 11411 11550 15817 9548 6761 
4 4 6474 6493 9430 9417 
3 6 9417 585 3587 3765 3752 3734 
4 6 3668 4463 7624 4458 7495 7661 
4 4 11504 3557 11397 418 
4 7 525 11557 9543 11530 9519 559 11504 
3 4 525 11557 6458 11489 
3 7 11489 6508 9566 3225 288 3306 3335 
2 3 11344 3303 11375 
2 10 6338 3315 11356 9373 6312 6374 3224 3352 11277 11344 
2 8 11225 11348 393 3357 3330 6515 9420 3563 
2 8 11225 11377 11256 3265 4324 4283 1305 1278 
2 6 1278 12117 10142 10329 1233 9292 
2 5 9292 1233 12287 10133 1821 
2 6 3563 4322 1254 4294 7370 10253 
2 7 7243 4300 4374 4227 1314 12294 10253 
2 7 6338 260 9336 3251 3300 6388 6278 
2 10 6278 7403 206 1380 10286 10314 13316 7320 10133 1821 
2 7 7375 12216 361 237 4758 12567 1821 
2 11 6124 272 3139 3027 370 9293 12203 7346 11352 1336 7375 
1 5 7477 7563 4599 12491 12333 
2 4 1821 307 12106 1292 
2 3 9292 1327 1292 
1 3 3325 3277 399 
1 3 3325 3277 6364 
1 3 11366 332 399 
2 8 1292 1775 1294 1694 7874 10568 1709 10696 
2 6 1387 4209 12521 4780 7800 1709 
2 7 7274 7825 1860 12606 4366 12679 10696 
2 10 7243 7600 7657 12329 7597 12397 4686 13265 10660 14742 
2 5 1554 13261 13257 10601 14742 
1 6 12333 8099 10414 1649 10470 1554 
3 8 7274 4866 4789 4793 7886 7815 4724 12691 
2 9 12691 12621 1876 1813 10549 10661 12540 4797 1727 
2 10 4797 1762 4837 14458 10528 7835 1696 4705 7751 12641 
2 9 957 6989 11750 6684 664 6686 11643 10466 12189 
2 12 7236 4371 1337 4312 12201 1281 1308 4388 12220 12122 1427 7408 
2 9 7408 10250 10221 12173 10411 7572 7353 7492 1488 
3 4 1330 12127 4336 1403 
2 4 1330 10154 10283 10344 
2 7 1330 12127 1417 12256 4626 4585 1492 
1 5 1492 7469 12464 1082 4425 
3 2 1185 4075 
3 8 4075 12075 10075 12319 1522 4501 7446 1319 
3 3 10444 10512 12421 
5 6 6981 3970 3839 3895 9885 11771 
5 5 11771 987 9781 11764 964 
5 4 964 6918 6851 1150 
2 3 9843 11761 10068 
4 11 10068 13251 12043 1052 3900 11886 6837 9835 11815 6951 11771 
3 6 10068 9969 11996 11980 7189 1069 
2 6 9843 4140 1134 10022 7109 4190 
3 8 1069 12045 4071 7089 10000 4186 1200 4205 
3 4 1519 4538 12062 4190 
1 3 9843 9776 952 
3 5 1069 4037 10043 12069 7025 
3 9 7025 7085 9995 10079 4079 12036 7222 1146 11913 
3 6 7014 12052 10076 7120 11982 11913 
2 5 9974 7058 1096 11991 7191 
2 7 4190 1188 1169 4144 1139 9958 10364 
2 7 10364 12012 7568 7580 10462 7167 4619 
2 4 4619 4631 9999 7097 
3 5 10062 7108 1047 7152 4189 
2 8 1029 7200 12055 7025 4010 10098 7656 10364 
2 8 1047 12095 1120 9970 9982 12350 13143 7097 
1 8 10837 13614 1982 2065 15160 15159 7953 5005 
1 5 7602 10385 10768 15153 12818 
1 2 4111 792 
1 5 1065 1201 4206 294 14455 
1 4 7151 4574 4591 11976 
1 6 1065 15738 15804 7170 14454 7151 
1 2 11829 9833 
2 4 7315 10157 4428 1408 
3 3 7315 12214 10327 
2 4 7315 7386 10271 12211 
2 2 12603 4759 
2 4 4759 10709 1752 3719 
4 4 3719 10618 6752 1866 
2 2 9450 12357 
2 8 12357 9657 926 1760 10526 3699 1719 1866 
2 6 1866 4807 4664 10341 12456 12357 
2 9 9450 12368 6737 11589 1560 10341 4664 4807 1866 
2 7 9450 6713 11641 695 691 11656 6710 
2 5 9450 6713 9654 11637 689 
2 4 689 3685 9825 6890 
2 5 6890 882 3687 6707 11654 
2 7 9832 11830 3906 6732 3710 908 3806 
2 4 9832 6909 9847 3878 
2 2 3878 6882 
2 3 6845 3824 6984 
3 2 6984 3957 
2 5 3957 873 3823 11841 10412 
2 8 6845 6869 11785 9804 847 3850 880 11800 
2 4 6855 827 9808 11800 
2 11 9450 6713 9653 870 11791 3872 659 3853 6874 9808 11800 
2 6 1595 9796 831 11776 11760 6855 
2 2 1595 4527 
2 11 4527 4601 9775 9760 7528 3975 801 9923 6823 6929 3957 
2 6 12211 3513 12183 7865 12553 9616 
2 6 1866 9880 7536 12577 12646 12586 
2 9 9450 12312 11589 10478 7306 12418 11788 10666 12586 
2 6 12586 7852 3855 3613 4760 4723 
2 9 9450 12368 6737 10393 7539 1586 1678 9892 12586 
1 6 1595 4531 4437 10461 9682 9450 
2 4 6696 1881 10448 1595 
2 4 6696 12709 12568 9727 
2 3 4527 1445 9727 
2 4 1572 12381 1480 11975 
2 6 1843 9834 10489 866 12439 1572 
2 3 1572 1584 7388 
2 6 1572 12353 1433 12470 10492 12384 
2 3 12735 7422 492 
1 4 12384 7583 860 492 
2 3 492 10520 7480 
2 3 7552 7524 4464 
2 3 7552 1453 10449 
2 4 7552 1453 1643 1528 
2 5 1528 12401 6968 9829 3960 
2 4 3960 10861 10504 10337 
2 6 10337 1500 12313 4507 4535 7552 
2 5 10337 12410 4884 2042 6785 
2 4 10337 12341 1927 12782 
2 5 3960 7981 5022 1927 12782 
2 6 12782 2019 12728 5038 10894 10740 
2 2 3834 853 
2 5 3834 7920 5044 12791 10740 
2 3 3960 9829 5001 
2 6 5001 7485 12458 12489 4444 1646 
2 3 7202 1547 11975 
1 4 10412 3925 11738 788 
2 5 7202 10029 7012 4491 7138 
2 7 12384 638 10394 1485 4653 4491 7138 
1 9 7202 7012 7134 11927 7083 7045 11783 6943 788 
1 4 1132 4168 6943 788 
1 4 7138 7083 12054 1132 
1 5 10412 9931 12445 10081 7138 
1 3 4464 7668 7480 
1 6 7646 10343 11873 951 6929 3957 
1 5 7646 7466 4627 12637 9727 
1 3 9727 1582 913 
1 7 7622 10498 7451 10374 4476 7546 1550 
2 3 8252 5051 12798 
1 3 913 7791 10909 
2 3 12384 5090 10909 
1 4 12735 12803 968 10909 
2 4 12735 10192 10824 12501 
2 4 12501 1987 10615 7797 
1 2 1646 7797 
2 5 12735 1587 10753 7464 7797 
2 4 10449 10410 4510 1646 
2 4 6696 6974 12670 12501 
2 6 1595 12437 1604 7626 12305 4569 
2 7 4569 12305 10457 12497 7611 9682 9450 
1 4 4569 1621 12361 10717 
1 3 10717 1564 1534 
1 5 4569 12346 12463 10370 1534 
2 5 4569 4449 4540 4625 7797 
2 10 9450 12368 6737 10339 1527 4590 7449 7607 12361 10717 
1 7 1866 9880 1867 12667 12620 3750 1747 
2 8 4723 10640 10711 1815 12651 1851 12585 4860 
1 3 4860 10593 10624 
2 4 12211 3513 4328 4274 
2 5 3588 6665 3471 10151 4274 
2 4 4274 4347 4331 3588 
3 3 3588 9697 9713 
2 5 9713 6699 3677 14635 9671 
3 5 9713 6699 6694 6876 4518 
2 4 4518 9911 941 10387 
2 3 10387 10483 9814 
1 4 9814 11757 7517 1562 
1 3 1562 12374 7986 
2 3 7986 8115 853 
1 4 10387 12303 4727 7986 
2 7 10327 12673 12124 3781 6742 7779 4860 
2 11 4860 12572 4857 7880 1767 6722 12566 1836 4772 1752 3719 
2 4 10624 4863 7883 4759 
2 8 10327 1690 1832 4838 1854 1857 10593 10624 
2 5 10717 7834 1352 7892 4740 
2 4 1534 9802 4811 4740 
2 3 1534 2043 1806 
2 6 3960 2082 8025 5103 1618 1806 
1 3 1806 7904 10798 
1 3 10798 11802 4740 
2 5 3960 9920 5085 3875 3972 
2 3 10798 10702 3972 
2 5 4740 11802 7762 2055 3972 
2 2 3972 9908 
2 5 9908 12624 4586 10340 4740 
2 6 9908 12893 10867 8070 3867 10740 
2 4 10740 12791 3883 4975 
2 3 4975 10642 12627 
2 5 4740 10340 4586 1738 12627 
2 3 12627 10588 1827 
2 10 10717 7834 4757 12513 1753 10532 4871 12570 12642 1827 
2 9 10717 7834 1352 7892 12024 4814 4586 1738 12627 
2 3 1827 7780 4723 
1 3 853 1793 11814 
1 4 11814 4799 4657 10387 
1 4 853 7747 6897 10573 
1 4 10573 10645 12552 4975 
1 4 10573 7821 12765 11814 
1 10 12627 9792 868 1658 6887 1756 4742 10662 15347 4865 
2 8 4865 10651 12573 12699 850 4799 4657 10387 
3 9 4865 10651 10591 7827 4736 10422 11698 710 9713 
2 3 4865 10582 12535 
2 4 12535 1789 10556 9616 
2 6 12535 7888 12633 12561 10640 4723 
1 4 1814 4804 12617 12604 
2 8 1814 4804 12617 7783 1713 7887 1565 4543 
1 4 1814 4804 7692 1801 
2 4 2197 5195 2203 2211 
2 5 7798 4776 12932 12924 12910 
2 8 7798 12576 7755 1667 10455 10682 12435 12406 
2 10 7564 7535 7522 4481 12308 7651 10487 10460 4560 7566 
1 4 1454 12104 1431 7669 
1 4 2115 10968 13883 5117 
2 4 10031 7144 11974 12044 
2 5 2046 7989 10745 4963 8105 
1 6 2003 14261 2046 12881 14221 14205 
2 4 11969 7180 10091 11921 
2 2 12051 7081 
2 6 7081 1160 4163 1046 7180 11969 
2 6 7132 11923 12760 9964 1145 3959 
1 7 7132 4150 7008 12018 14410 7958 4933 
2 7 7132 4116 989 1111 4097 11987 7100 
1 5 7100 1194 10113 9945 15111 
2 3 7100 10070 7069 
2 4 7069 10023 4139 4108 
2 5 5010 14085 7980 14101 8124 
1 7 2050 14048 12817 1932 8021 4938 14118 
5 5 9570 6462 9511 11467 6464 
2 3 9817 11673 6734 
3 4 321 11305 9320 9347 
1 8 3022 6038 3111 11049 3162 11052 46 3108 
2 7 11542 9429 583 421 6562 3414 3583 
3 4 3583 3414 6562 3569 
2 6 11542 9429 583 421 6562 3569 
2 4 12406 12435 7859 4201 
1 9 12406 7520 10388 4478 4658 10500 12451 10430 7564 
2 4 8186 5225 10925 12910 
1 10 12406 1537 10427 12377 11019 2114 8249 5211 5225 8186 
1 13 8186 10927 8165 5197 12948 2191 10969 8200 10949 1526 10983 2157 1652 
5 8 11771 11808 916 4642 4572 14633 11744 11864 
2 7 4725 10655 7801 10722 7672 4805 12189 
1 6 12641 10574 10559 12543 7851 13298 
2 6 4725 7832 12618 1588 4506 4561 
3 4 11542 6440 3418 3585 
2 6 3585 6470 11404 3474 9416 11544 
1 4 12051 9976 12034 9943 
2 5 6583 9418 9444 3516 516 
1 4 11752 7674 1489 952 
1 3 1052 900 6969 
1 3 6969 3955 952 
1 3 7101 10517 7097 
1 6 3122 11065 3172 66 195 11121 
1 5 9206 11162 3050 6150 3187 
1 12 3187 3030 9061 3068 9169 193 6146 11079 9233 9106 6212 11121 
1 4 9056 11033 3119 6138 
1 9 9108 6165 6125 9147 11125 11164 11081 158 11121 
3 10 10137 10309 4379 1302 7280 12297 4397 10016 11936 1185 
3 6 4401 12232 10232 12204 1285 10162 
2 6 14869 14887 14888 15338 15339 13195 
2 5 14866 14881 14865 14879 14878 
2 2 12914 14877 
1 2 14881 5131 
2 5 12914 14872 14870 14860 14849 
1 2 14870 5171 
2 3 14849 11000 14848 
2 4 14848 14847 14856 5228 
2 4 14856 14855 14846 14845 
1 2 14845 14853 
2 3 12994 14873 12914 
1 2 12994 14872 
1 2 14878 14877 
1 2 14878 12914 
2 3 14838 14837 14836 
2 4 14836 14835 8222 14833 
2 3 14835 14832 14834 
2 3 14836 650 14834 
2 3 14834 8229 14829 
1 3 14829 14827 14823 
1 3 14823 14824 8229 
2 3 14829 14828 14825 
1 2 14828 14826 
2 2 14825 14821 
1 3 14821 14816 14815 
2 4 14821 14820 14813 14812 
2 4 14812 14814 14811 14810 
2 4 14810 14808 14809 12954 
1 6 14946 15257 12364 10402 10390 7550 
2 8 12453 14962 10943 15034 14976 14978 8238 11007 
3 3 12453 1449 15080 
2 4 1449 15013 14892 15034 
2 6 15034 8187 15041 12964 14915 14984 
2 5 10402 15260 15047 10515 1449 
2 5 14946 15259 10402 14942 10375 
2 4 10402 12394 10418 1596 
2 6 14946 15258 14943 15256 1555 10402 
2 3 1555 15044 4602 
2 19 10402 10390 12351 14954 7500 14964 14947 14971 2172 14982 14898 14967 2106 14988 15007 2208 15083 14899 15088 
2 7 15257 15260 14954 15009 14999 14963 10975 
2 3 10975 10985 14956 
2 3 10975 5163 14947 
2 5 12942 15039 15096 10964 14969 
2 2 14969 14972 
2 5 10964 14960 8215 10992 14953 
2 9 10975 14968 14965 12942 14970 15031 15049 14975 2136 
2 4 15049 14911 15053 14981 
2 4 2136 14794 14985 14986 
2 6 2136 15086 14983 12978 8216 15088 
2 4 15088 14992 15082 15056 
2 2 14992 15098 
2 5 15088 14952 14795 15065 2224 
1 9 14952 11001 10944 14897 15022 14929 12943 15057 14909 
1 2 14897 14997 
2 4 14899 14993 10965 10944 
2 2 14988 15089 
2 8 14947 14792 15075 13000 15081 5213 15054 14988 
2 7 15075 15066 8169 15048 14990 5143 15088 
2 4 8169 15076 14903 5213 
2 8 14965 14968 15011 14974 11022 15042 15078 8216 
2 4 15042 14980 14890 15048 
2 2 8216 5143 
1 3 14896 15025 15018 
1 2 15006 15052 
1 3 10953 15029 15028 
1 7 12321 10981 14906 14907 2158 14900 14904 
1 5 14900 12946 15026 15019 15023 
1 2 10981 14910 
2 5 14946 15258 14943 15256 12379 
2 6 14946 15259 1555 4573 1568 4602 
2 8 4573 7621 1624 4643 1639 14917 12494 12321 
4 2 1568 1624 
4 2 1596 14917 
2 3 4602 12409 1639 
4 2 15044 1568 
4 2 10402 15044 
4 2 12394 15044 
4 2 15256 1555 
4 2 1555 15044 
4 2 15044 4602 
4 5 15259 10402 12394 12409 1596 
2 4 14917 14923 14927 14931 
1 8 14917 14913 10935 14916 14912 12982 15005 15084 
4 2 10402 1555 
4 7 14946 15259 10402 12394 10418 1596 14923 
2 7 10402 14942 10375 15059 12998 14944 11021 
2 4 15063 12998 15059 14931 
2 2 14931 14930 
2 3 14931 14935 5219 
2 2 12394 14942 
2 4 14942 14941 14933 14931 
2 2 10418 14933 
2 2 14933 1596 
2 8 15260 10390 7550 15093 15062 15069 5184 14957 
2 4 14954 15009 8208 14957 
2 5 14954 15009 14956 10985 14965 
2 13 14946 15257 15260 14954 7500 14964 5163 14937 14977 14980 14890 15051 8216 
2 5 10985 14968 15011 8255 14980 
3 2 14968 14965 
2 7 10390 12351 15009 14956 10985 10975 14937 
2 2 10975 14968 
2 2 10975 5163 
2 3 15069 15095 14957 
3 2 15009 7550 
2 2 14964 14947 
2 14 14946 15257 15260 10390 7550 15093 15062 15069 5184 12970 14950 15097 15077 10992 
2 3 10992 14932 15037 
2 2 10992 14959 
2 6 15097 11021 14945 14939 14938 14934 
3 2 15063 5184 
3 2 15062 15063 
3 2 15062 15095 
2 9 285 7377 11293 3359 3242 3379 3329 276 385 
1 7 11293 3359 369 11287 9303 3396 6313 
1 5 11293 3342 9310 6313 6289 
2 5 11293 3342 9310 11267 7394 
2 9 9131 9199 75 72 9130 3130 11171 312 3338 
1 12 72 6166 11074 6199 3166 6100 9124 186 13344 108 99 6121 
1 3 6121 9225 1295 
1 8 1295 10579 7712 10723 11098 13357 13358 1684 
1 13 6124 9370 6191 3103 13324 73 11075 9200 3135 143 11143 9168 11107 
1 8 11375 9368 270 3245 6149 9172 112 3103 
1 4 257 11269 9258 6248 
1 3 3282 6253 9373 
1 3 3315 9305 9402 
1 3 6278 6388 6323 
1 6 4261 1406 1210 12298 12128 3563 
1 7 1278 1258 4265 10185 7328 10256 12200 
1 5 4261 10224 7281 4411 10256 
1 4 4411 7401 12157 9292 
2 6 7375 11228 13326 11307 7228 12567 
1 5 11228 1754 278 12527 12187 
1 7 7228 10716 10648 1771 7895 13342 13348 
1 3 10284 12229 7401 
1 4 1821 307 12102 1387 
1 4 1821 9553 1543 10189 
1 8 1387 7846 7774 4659 7833 1812 10692 13293 
1 3 7874 7741 1418 
1 5 1418 1662 1680 10308 1375 
2 3 4789 7789 12174 
2 3 4789 12631 1685 
1 3 12595 1850 4724 
2 6 12691 12621 4853 10570 7876 1803 
2 4 7815 10712 10580 10649 
2 7 10649 1816 13299 1685 1369 12515 1297 
1 3 12691 12563 10649 
1 3 7835 14459 7816 
2 6 12679 4806 1797 10546 1794 1297 
1 3 4803 12528 4800 
1 15 1803 4808 7902 10596 10524 14460 14461 12506 1761 13313 4762 10681 7785 7691 1845 
1 4 7274 4734 1297 4803 
1 4 10649 4711 10646 10627 
1 2 1794 11410 
2 7 10696 12546 12616 4806 7687 10537 4734 
1 8 13287 4701 7616 4829 7754 4847 1730 1845 
1 6 13287 12136 3963 1325 9589 9604 
2 4 12189 12192 12263 13287 
1 5 12446 1322 1820 1755 1742 
1 5 1845 10678 13298 12657 7763 
1 4 1845 7844 13320 1748 
1 3 4853 4782 1837 
1 4 12174 10617 4730 10533 
1 2 14696 10297 
3 4 7191 10101 4105 1099 
1 2 6880 3790 
1 2 889 724 
1 5 970 9869 3846 3886 6902 
1 3 799 3798 6996 
1 2 9787 6924 
1 4 6996 3969 9770 794 
1 3 11677 729 11692 
1 7 3931 3933 15115 932 3735 11852 885 
1 5 3931 9842 9840 6901 3816 
1 8 9778 6800 9881 858 3938 15524 3794 15523 
1 3 9778 6896 3871 
1 5 7183 4080 9815 12070 6880 
1 2 6866 6902 
1 3 813 948 7213 
1 4 6879 11870 9933 948 
1 3 3945 3891 3799 
1 4 6866 11780 985 6948 
1 4 794 6867 6907 918 
1 5 369 11238 11371 9255 9303 
3 4 7014 12076 4042 7191 
2 3 11991 12059 11920 
2 6 4190 4032 10003 11980 7189 1069 
2 7 3992 9984 11961 7054 1066 9944 11920 
1 5 4196 1166 1193 1138 11961 
1 5 1138 10084 1006 12084 7071 
1 8 9843 6904 1590 7158 12432 10424 4525 12609 
2 4 1519 4634 7571 11931 
2 4 11931 6932 12713 7301 
1 3 9958 1004 11931 
2 4 4619 1036 1628 3992 
2 5 7097 1640 11988 7653 3992 
1 5 12559 4844 9659 4290 13287 
4 4 957 11879 6806 6944 
3 12 9843 6969 881 11801 814 3881 6898 934 14627 3934 9788 11815 
2 10 7812 1627 14630 14631 1638 14629 4514 14632 9927 3934 
2 3 12421 1642 4576 
3 4 10444 10512 12493 1512 
2 3 12352 12421 7595 
2 6 11981 10105 14739 12023 4028 1597 
3 7 4075 12048 7015 9948 4121 4177 7137 
1 4 10177 7319 7376 7432 
1 5 7408 7225 10293 10134 10177 
2 6 7408 10250 12195 10438 12431 12417 
1 5 10438 10425 12360 7516 1464 
3 6 10137 4255 1300 4334 4405 10162 
2 7 7408 1427 7587 4348 10193 12125 1403 
2 5 1415 7275 7323 14710 14711 
2 4 14711 14710 14709 1288 
2 7 14711 14712 14714 12236 10306 12279 14717 
1 4 3992 7653 10501 10057 
2 5 6960 15186 15185 15182 9824 
2 7 6960 15199 9898 15198 15197 15189 11834 
2 6 13583 13581 15236 15193 15194 11834 
3 6 3552 6572 9525 11508 9495 11465 
2 3 6536 9510 11465 
4 8 14560 14562 11322 342 3331 11220 11290 306 
2 2 11241 11220 
2 2 11301 290 
2 5 11301 11357 11329 9372 6375 
4 7 14560 3267 6220 6371 14580 6249 9386 
4 4 9386 9353 9254 11392 
4 5 9098 11032 11080 6174 3151 
1 2 207 9254 
2 4 4640 104 11186 11080 
1 6 4640 11443 11127 11426 14610 3152 
1 2 342 9289 
1 3 342 6292 3350 
1 3 3759 14553 14552 
1 7 14560 11370 277 6340 11391 14571 3320 
2 7 14560 3267 9341 14584 233 14586 310 
2 7 9340 9240 14598 7482 15686 14592 310 
2 8 9340 9240 9501 308 14605 14608 11057 4640 
1 2 14598 10493 
1 2 308 14602 
1 3 14608 6099 9221 
1 2 9341 406 
1 3 6340 14563 14561 
1 4 3309 6359 14556 3366 
1 5 3320 14573 14570 6296 14574 
1 4 14585 14581 6296 14574 
1 3 11312 3272 14574 
2 5 9340 6222 6342 11246 9262 
2 2 9262 6314 
2 2 6314 3288 
1 3 11312 3254 11357 
2 3 3288 11265 6332 
1 3 9262 3319 3296 
1 6 9340 14594 265 9374 14588 14585 
1 6 310 11358 11226 14582 14573 3320 
4 4 442 11413 9427 15816 
4 3 6522 9468 11479 
5 2 9570 552 
4 3 6521 11505 9496 
5 7 6521 11505 9496 3473 444 3532 6558 
2 5 6462 11558 9546 493 9508 
2 2 3521 3559 
2 2 6546 3392 
1 2 3743 11550 
1 3 11514 6593 11477 
1 3 11477 14535 14540 
2 4 3686 6704 9677 9680 
1 4 3722 9718 9677 9680 
3 3 719 3760 3734 
2 2 3734 3720 
4 4 3668 6701 700 6748 
1 2 11727 748 
1 9 7661 7495 4614 4477 15129 11674 1539 12450 12320 
2 5 6748 3726 6758 11706 9753 
1 4 6468 9415 6796 11727 
1 2 11474 11484 
3 3 6380 11282 3358 
3 3 3358 11250 6245 
3 6 6245 333 3176 3101 9177 11048 
3 8 11048 9060 3110 6095 9164 11068 149 3151 
2 4 279 11232 388 6558 
1 3 6373 6344 9288 
1 4 3335 3390 398 371 
1 6 306 3210 11336 6305 3390 3335 
3 7 6380 301 3290 11330 11268 11379 11248 
3 6 11248 11294 314 9245 11381 11351 
3 4 11351 340 471 9422 
3 11 418 9449 6517 11439 9489 9552 413 6317 9339 11323 11351 
2 6 6248 6291 3221 3389 396 11351 
1 2 9299 11225 
1 2 11225 9243 
1 2 9243 9391 
1 3 6248 11309 11262 
1 3 3221 3266 6329 
1 3 314 9376 3257 
1 2 11107 9131 
3 6 6380 9378 9278 6356 252 121 
3 4 121 9122 11099 2 
1 2 9122 11166 
3 9 6095 11174 3140 172 9107 3163 11083 81 9207 
1 2 11262 11394 
1 4 3257 6284 6343 9407 
1 3 3257 330 3387 
1 3 252 3240 11338 
1 4 9122 3220 3116 6247 
1 3 6247 6269 11338 
1 3 6245 3323 9046 
1 3 9177 11084 39 
1 3 39 93 11083 
1 5 9098 11072 117 3072 9164 
1 3 11072 11109 9234 
1 4 9234 320 9331 207 
1 3 9234 9212 8 
1 3 3362 6273 11272 
1 4 335 11384 6303 11349 
1 4 11349 9343 3215 6245 
1 2 9272 9382 
1 6 70 11059 9190 6057 90 11159 
1 2 70 11174 
1 3 70 9197 11068 
1 3 312 3168 9248 
1 7 3189 9195 94 9045 9055 11038 3092 
1 6 6380 301 11362 6316 9311 3202 
1 3 3387 3339 3202 
1 2 3263 382 
1 4 382 3308 11347 6262 
1 4 6414 9348 6290 6348 
1 4 9449 3492 558 3580 
1 5 3580 580 6254 11553 9566 
1 4 3335 6411 9384 9355 
1 4 9299 6302 3276 286 
1 2 326 3316 
2 5 9073 67 6009 6144 11105 
1 6 3137 3025 6138 9038 6013 3122 
1 4 141 11141 9104 193 
1 4 3092 11137 3031 11071 
1 2 3286 9329 
2 9 6188 6164 3141 11114 9138 179 3007 11184 6115 
1 3 6188 6311 6397 
2 6 13492 13488 13486 13487 13490 13489 
2 6 13488 12589 13494 13496 13504 10697 
1 6 10697 13507 13519 13517 13512 13622 
1 8 10697 13530 15367 15368 13543 12648 13546 13553 
1 4 13553 13555 13558 2171 
1 7 13687 13668 13656 13649 13646 13641 5217 
1 2 10400 2171 
2 5 13489 13491 15360 1833 13495 
2 3 13490 12547 4696 
1 2 4696 1833 
2 7 2171 15374 13549 13537 13540 13528 13522 
2 9 2120 13710 12935 2193 5212 15382 13638 15381 8245 
2 5 10929 13730 13724 13717 13710 
2 12 2171 13558 13561 13563 13567 1688 13677 2151 13680 13686 7842 13730 
2 3 5154 13623 13622 
2 6 13622 13625 13628 10963 13647 4879 
2 2 4879 10978 
1 7 5199 13765 13755 13735 13711 15383 13700 
1 8 13553 5217 15377 13570 13207 13700 4851 10929 
1 8 13807 8054 1552 13810 2126 10966 13813 12958 
1 5 13807 14411 13799 13787 5199 
2 9 5091 15554 12766 14420 14156 8043 4985 5041 8124 
2 10 4136 10120 7079 9989 11967 10061 11910 1071 4145 4076 
1 8 2050 14019 4952 15427 13998 15435 13992 10831 
1 5 2050 13415 13413 13412 10862 
1 9 13397 15412 8122 14047 15287 14100 14115 14129 8071 
1 8 2196 13860 12967 13864 13874 13880 13375 13876 
1 3 13876 14418 13900 
1 5 13891 13894 13904 5196 1939 
1 8 10860 13947 12989 13385 13935 13383 13915 13900 
1 5 14205 7925 2016 14158 10827 
1 3 10827 14128 14126 
1 4 10827 14128 14106 14067 
1 2 10860 1939 
1 5 5210 13919 6020 10962 15531 
1 7 12049 1155 11979 4161 14453 4088 4206 
2 5 7011 15779 12004 4073 12049 
1 5 7069 11943 1102 7203 12857 
1 4 15112 7215 4097 11987 
1 8 3959 4131 11939 7166 4046 10078 12051 7081 
1 5 11969 9994 4163 1160 7081 
1 6 5199 13787 13788 12504 13804 13816 
1 8 13730 13747 5155 13771 13768 12908 12971 13729 
1 9 2120 13729 12971 13754 2180 2159 13776 13775 2123 
2 3 8248 13848 13841 
1 6 12985 8138 13784 13759 12391 13782 
1 7 13816 13838 13850 1516 13861 13875 7716 
1 4 13376 13886 13878 13884 
1 3 13878 14416 1516 
1 7 2196 8182 13842 12944 13821 13796 2123 
1 3 13891 13881 2196 
1 7 4948 14189 14173 2012 14169 14149 14145 
1 5 14428 14109 14122 4957 14093 
1 3 2038 2094 14059 
2 4 4696 4822 13503 10697 
1 9 10697 5231 15366 13523 13529 15371 12064 10400 2171 
1 4 13467 10791 5024 12727 
2 3 2003 5047 5091 
1 3 13884 13378 13900 
2 10 15537 10928 15536 13975 13997 14017 15548 14028 14064 5010 
2 7 14131 7944 15557 14147 15560 14156 8043 
1 15 5210 13919 13936 13948 13953 12927 2066 15526 13982 14005 14029 15566 10734 15564 5010 
1 6 15531 10962 13942 15529 13939 13947 
1 6 12036 10064 10017 11994 1099 11913 
1 11 13143 12350 7159 4125 12407 10404 7095 1597 4028 7650 7137 
1 8 1630 2022 7397 12882 7911 2006 1976 7301 
2 4 4925 1395 12705 6999 
3 6 10980 14781 8226 7589 4570 8196 
3 5 8226 8148 7476 2167 12977 
3 9 5112 10513 10360 12438 7636 12977 10945 8140 14786 
3 3 10513 10947 7553 
3 3 10360 12972 11008 
3 3 12972 5186 12937 
3 3 12937 10994 1583 
2 2 7553 8181 
2 3 8181 2109 1583 
2 2 1583 4587 
2 10 11008 2109 8239 5156 1529 1542 7581 1598 4589 4604 
2 3 4604 4575 14976 
2 2 4604 7638 
2 3 1598 7594 10447 
2 5 8239 4587 8224 12951 5200 
2 4 8196 14779 12909 10931 
2 15 7476 10931 8233 5223 5194 10392 8184 10946 14772 8143 10998 10939 5168 2227 10933 
2 5 8143 14771 4617 8242 5218 
2 5 4617 10345 7561 2175 10933 
2 10 8242 8227 2164 2178 5107 2132 2228 5153 2150 12933 
2 2 7561 2164 
2 4 12914 14874 5146 15056 
2 4 14848 14858 12928 14981 
2 3 14985 15073 12928 
2 3 14838 14839 14953 
1 4 14812 14819 14914 15084 
1 6 14897 5229 12979 5179 2160 15341 
1 2 2224 2174 
2 3 14877 8231 2174 
1 3 2174 10952 15338 
1 2 2174 12930 
1 7 15341 2160 5230 12916 13174 8189 5200 
2 9 15316 15511 15323 12703 15333 15514 15329 12790 1937 
2 3 6788 8113 3974 
2 2 6788 9611 
3 4 11465 11616 11600 6657 
4 4 9495 527 3523 3509 
1 2 667 11611 
1 6 15216 15204 15205 15206 3740 15244 
1 4 15206 11699 15208 915 
2 5 15216 943 9723 15222 6960 
1 2 11834 11875 
1 6 9751 3771 15233 13368 15243 590 
1 2 3509 3534 
3 4 13366 629 13365 3671 
3 5 11565 15251 9597 15252 6657 
1 3 15252 11582 13366 
1 4 9732 11716 6786 6613 
1 4 9391 9337 6339 3316 
1 2 286 257 
1 2 11394 11344 
1 2 9407 11344 
1 2 2 11107 
2 3 9207 11189 9131 
3 4 11506 9534 6569 11563 
1 2 6613 9590 
1 3 780 3768 6784 
1 2 698 678 
1 3 3576 9536 3516 
2 5 13011 15656 9472 3560 9418 
4 8 11506 11491 3506 3681 9625 648 11794 6613 
2 5 3589 6784 6609 9745 6780 
1 3 3652 11628 3681 
1 2 667 3681 
1 2 3594 9625 
1 4 3594 13369 13370 6613 
3 9 11465 503 13371 9478 13364 3671 9492 6533 512 
4 5 11506 9561 454 6504 11483 
1 4 6504 3476 9962 11548 
1 3 11483 575 11548 
1 3 575 6446 6560 
4 8 11506 11518 11549 15655 13011 9505 11488 11516 
1 2 11488 6698 
1 7 3652 3669 9490 15242 551 6949 11518 
2 3 9559 5291 3560 
2 4 11483 11606 3447 9472 
1 3 551 15655 13011 
1 3 590 9748 3594 
1 6 620 3621 6648 11576 9607 3594 
1 7 15226 3948 15229 752 11709 6770 9732 
1 3 9620 9622 6666 
1 5 13583 14638 14636 14637 14640 
1 2 3506 6949 
1 2 11563 9434 
1 2 6536 542 
3 3 620 13367 9751 
3 5 9751 15213 755 15227 15226 
2 5 9737 6777 15250 9710 743 
1 2 743 15244 
3 3 15216 6766 15226 
2 5 15226 11702 6775 11720 9737 
1 4 6775 15212 9734 15213 
2 6 11563 9578 6599 11535 3579 6449 
1 2 3534 9578 
3 6 13366 15254 595 15255 11565 9737 
3 7 620 3626 651 9629 11631 3493 512 
1 5 3671 669 9629 3655 11611 
1 3 13366 625 620 
4 4 9523 9507 9725 512 
1 3 512 6518 3506 
1 3 9507 6547 3534 
1 6 10837 12818 8093 11671 7573 15156 
1 6 13614 5067 8074 1963 10828 11249 
1 4 8074 2026 13608 1963 
1 8 10837 13615 7969 4553 15146 2071 12861 1896 
2 3 9741 14640 13587 
1 2 11804 3838 
1 2 4014 14682 
1 2 9924 14475 
1 5 6780 9738 11721 14639 13583 
2 9 3663 11619 690 3676 11639 676 15684 3694 6711 
2 7 690 11655 9701 6747 9716 744 6761 
1 5 9716 3577 414 6429 6455 
1 3 6706 3704 687 
1 3 6727 9683 11686 
1 3 3663 9651 11636 
1 2 11636 6706 
1 3 6706 9701 11655 
1 5 3663 660 3639 637 3645 
2 4 6455 6429 6455 3457 
2 8 11670 9698 9714 3757 9576 9423 6429 6455 
2 5 3757 6480 6497 504 14532 
2 6 737 3755 11683 11546 3738 11670 
1 4 3645 11657 3649 9606 
2 6 9660 956 6716 699 11644 3696 
1 4 6703 682 3670 13363 
1 2 6720 686 
1 3 699 730 3730 
1 4 6700 6670 9643 11610 
1 3 13363 13372 11581 
1 5 9648 9646 665 596 11581 
1 2 13363 665 
1 2 965 9771 
1 3 9902 9919 9783 
1 3 6842 6814 9862 
2 4 949 965 11868 11887 
3 6 11887 15652 9602 6634 11583 11586 
3 4 11581 3592 6650 9627 
2 4 11580 3617 9621 6700 
1 4 11586 3614 614 9606 
2 4 11818 10163 3526 6857 
2 6 9606 11608 9640 11622 15684 676 
3 3 1965 14502 2011 
3 3 2011 14517 4956 
3 3 4956 14521 12835 
3 7 12835 10769 14526 14527 5061 6987 12782 
3 3 10769 2060 12811 
3 2 12811 2019 
3 2 10769 7973 
3 3 7973 10853 7921 
3 4 7973 8003 10916 10830 
3 3 10830 2037 8097 
3 2 8097 10740 
3 4 2011 14509 14510 5052 
3 4 10172 10738 14523 7973 
3 3 10738 12804 7921 
3 3 14510 14515 10172 
3 2 7973 12835 
2 3 10172 14520 4956 
3 3 10769 14524 5015 
3 3 5015 12369 6785 
3 4 10769 12721 2083 5021 
3 3 4956 14518 5021 
2 2 14518 2083 
2 5 2060 10746 10800 12850 10916 
2 2 14517 14509 
3 4 1965 14491 12755 14510 
2 3 12755 14493 5066 
2 4 5052 14498 14497 14494 
3 3 5052 13089 12873 
3 5 12873 10895 8057 1945 14525 
3 4 1945 4977 4908 10765 
3 3 10765 8012 3834 
3 2 8012 7920 
2 3 1945 7935 10830 
2 4 7935 12827 10809 8097 
2 3 1965 14492 10832 
2 3 14492 14487 8089 
2 4 8089 12810 14483 10773 
1 5 1965 14501 8089 12810 14496 
2 5 14501 14503 14507 10732 14499 
2 2 8089 14507 
2 2 14499 14496 
1 2 8089 14499 
2 3 12810 10889 8236 
2 10 10889 14485 2021 12867 14486 14490 4904 14495 14511 12715 
1 2 12715 14512 
1 4 8236 12753 14479 10886 
3 6 10765 10848 2069 12833 14529 7986 
2 4 10830 12897 1954 5038 
2 2 1954 10894 
3 4 11586 11580 11577 6647 
1 2 11899 11872 
1 9 11581 624 3596 6614 9586 3985 6957 984 14661 
1 3 984 3943 14660 
1 3 3601 6611 6614 
1 2 11564 3592 
1 5 3601 15674 11564 14649 6626 
1 2 11583 3984 
1 2 11580 3609 
1 2 3884 11767 
1 3 949 935 6857 
1 3 9902 9888 9862 
1 4 9771 3630 6652 3645 
1 3 3796 11588 637 
1 3 657 9635 687 
1 4 687 3701 6727 11670 
1 3 11872 9894 6889 
2 5 15034 12440 12468 15302 1613 
2 3 4604 1626 1613 
3 5 1613 12496 15306 15304 10362 
2 2 12496 15303 
2 5 15302 10502 15301 4457 15304 
3 4 10362 15305 15306 1654 
2 3 1654 12481 7638 
2 2 12481 1641 
2 2 15305 1654 
2 3 15305 12336 10347 
2 2 10943 12468 
2 7 12964 2173 2152 15266 11023 15270 5200 
2 2 2173 14909 
2 6 2173 15261 2194 15262 15267 8224 
1 3 15262 5178 8239 
1 3 15262 12901 15266 
1 5 2194 15263 15264 15265 2152 
1 2 15263 15262 
1 2 15270 2209 
1 3 11023 15269 12951 
1 5 15270 10973 5165 5230 2160 
1 2 5165 12916 
2 2 9814 13280 
1 6 11670 741 11686 3707 565 9716 
1 6 3187 6052 9176 9078 2994 9118 
1 2 9503 6542 
1 3 15115 15114 743 
1 8 11081 30 9223 6179 3156 197 9123 3121 
5 4 14633 11744 7523 10433 
2 3 3881 9873 6937 
2 8 1588 4506 12485 4876 10638 13150 7743 10612 
2 3 1588 7897 7613 
2 3 7832 12548 7613 
2 7 12342 10368 1545 10379 4649 7767 7613 
1 2 10722 10368 
3 4 1588 1645 7526 10433 
4 5 887 3913 1567 7663 11864 
3 5 11744 4503 4633 4561 1627 
2 6 12342 10519 1571 3815 810 3843 
4 2 14627 9835 
3 3 9759 6868 887 
4 3 887 3849 9885 
3 4 4642 930 14626 1638 
2 4 1571 6863 12500 664 
3 5 6811 12482 12355 12412 10433 
3 9 11864 9913 9928 3947 11862 944 9897 3944 6806 
1 2 6811 1571 
2 9 9897 973 9766 11906 6811 810 3843 3787 11750 
2 4 957 6989 9926 6961 
1 2 7832 7763 
1 4 6732 3712 3732 7462 
2 2 12412 4649 
1 4 13195 15339 15501 13086 
2 4 14869 15502 15506 13086 
1 3 13086 15499 2210 
1 4 15480 12997 12983 15475 
1 3 12997 15505 15485 
1 2 15505 2162 
1 2 2210 5202 
1 5 2210 15498 2182 15493 5166 
1 2 12997 15484 
2 3 14838 15508 14833 
2 8 14833 15509 14841 14842 14843 14850 14851 14845 
1 2 5225 2205 
1 5 4224 4773 10603 12640 4686 
1 2 7706 10603 
1 8 10284 1363 12257 12285 4309 4238 10211 10308 
1 3 10568 12619 1418 
1 5 1375 12152 7407 7335 1402 
1 4 7825 4734 1297 4803 
2 6 11833 6946 14650 15619 13587 14640 
3 6 14615 9667 722 11695 3763 3775 
2 3 11654 749 11695 
2 8 722 9711 9724 11669 6769 9684 11685 11641 
3 8 3775 6797 9580 11567 3605 6625 4270 4345 
2 6 6510 6676 9634 3661 3635 6630 
3 6 3775 9583 9585 11728 11602 6510 
2 10 6510 9467 12278 12582 5205 751 709 4738 4834 926 
2 7 709 4854 10599 9678 1849 7776 1734 
2 5 4872 1873 11667 12597 10618 
2 3 1734 12693 12597 
3 9 6510 9480 1299 4869 1782 777 10718 4775 7899 
3 5 7899 1769 4875 4426 4872 
2 6 4739 3481 12593 4218 12688 4872 
2 3 12603 10611 4739 
2 6 12603 1788 1848 12145 4790 4872 
1 7 4218 12636 10656 12682 1671 3498 9669 
2 5 4739 9669 6726 515 14613 
1 3 3498 1804 3010 
1 5 1411 1763 7766 12166 7348 
2 3 3706 7787 3010 
2 8 14614 3706 4765 4877 4343 7853 1858 1408 
2 8 3706 1262 7820 12578 7677 7753 4413 1408 
2 4 14614 10684 11440 4739 
2 5 10684 7718 10552 3769 10611 
2 3 12166 3010 14613 
3 4 4345 9601 7291 12149 
2 9 4345 7345 7289 10230 12202 10318 1282 4342 4285 
2 4 12149 7433 10174 10230 
2 7 4285 12289 634 4362 12291 1284 7433 
2 5 4285 1424 7304 7644 7361 
1 3 7361 1354 4623 
3 3 3778 4270 4345 
3 3 3778 6630 6625 
2 4 3778 7683 1341 4345 
2 3 7660 15610 15586 
1 6 15602 10484 15605 15601 15595 15600 
1 3 15595 15596 15597 
1 4 7632 15614 15613 15612 
1 14 4875 11571 13094 7794 12701 4784 11902 7875 1764 10700 7435 14617 14616 7291 
1 4 14616 12223 14620 7893 
1 4 7893 983 3911 11902 
1 3 7185 7782 12636 
1 2 7794 4775 
1 5 12291 4305 7379 4432 1424 
1 4 7788 12698 7758 12505 
1 6 3010 6754 1347 7761 1737 7853 
1 5 1799 12508 12571 10644 7761 
1 2 902 11874 
1 3 13730 13723 13731 
1 7 11105 6108 9129 11172 3137 6047 6138 
1 5 8245 13557 13556 15375 2171 
1 4 6332 395 348 3288 
1 3 7381 15659 10279 
1 7 4361 4320 1342 10225 1274 12181 12168 
1 11 12168 12181 1274 15719 10150 7308 7440 1648 12415 10194 12138 
1 6 7673 15671 15670 4652 10509 7658 
1 13 7381 15661 12249 15715 1386 7223 15664 12277 15665 12293 4390 15711 4608 
1 2 15665 10135 
1 3 15711 15666 10479 
1 5 4608 15710 15712 12472 7654 
1 5 7381 15660 15714 15663 7421 
2 3 6845 11782 6882 
2 8 3878 15744 6911 3806 11665 10381 11662 7345 
2 8 11654 734 3733 3702 9708 9721 9693 3806 
1 5 4076 7164 15773 15774 11964 
2 4 11964 15768 10005 12049 
2 6 4076 7164 15773 15772 10073 7011 
2 5 7011 4055 1068 15785 10031 
2 8 12044 7073 15791 15792 15794 15795 15796 11999 
1 7 11999 10844 4910 14303 10902 7989 2046 
1 7 9279 6345 9362 9300 11160 11327 11215 
2 11 9279 6345 9362 9300 9410 9251 9329 9406 6397 9393 11380 
1 7 299 363 242 9329 3286 6331 383 
1 16 7236 12144 1291 14702 12215 14701 1376 14697 4412 14696 7427 4424 14694 14693 14699 12299 
1 10 14694 4367 12271 7399 4355 12199 7329 1279 12131 7236 
3 6 6474 3466 502 6530 3531 418 
1 4 737 767 14530 11700 
1 5 14540 215 13297 6373 3350 
2 4 11405 11437 6423 11561 
1 4 11546 3403 9573 11561 
2 4 442 15815 15679 3497 
2 2 3497 467 
2 4 467 3458 6511 3544 
3 12 3544 12562 524 9544 290 3392 3281 3309 9304 3759 11216 14560 
2 2 9544 3521 
2 5 3559 6484 11399 536 11479 
3 4 442 6499 15812 6522 
3 11 11479 9454 3483 438 6509 3457 9533 11514 550 14532 525 
4 2 6469 3512 
1 3 587 3547 11494 
2 4 9557 11417 11445 9524 
4 3 587 3444 3512 
2 6 6377 3395 11493 3355 564 9524 
1 6 3561 9524 564 9443 6535 495 
1 3 9443 11533 3524 
2 6 321 11305 9294 9264 9238 3522 
2 7 9347 9320 11305 9294 9264 9238 3522 
1 3 9264 6298 6325 
1 5 9655 6934 3679 694 3692 
1 3 3673 653 9648 
1 5 9648 9679 9650 3684 9665 
2 4 9648 6690 9661 11666 
1 7 688 3684 9650 9679 6690 9661 11666 
1 6 6332 11245 6375 9346 6347 3230 
2 6 11515 6401 3230 6347 9346 6375 
2 5 11531 563 11547 11560 6488 
1 4 11516 3629 1346 9503 
1 4 6583 15851 3488 9522 
1 3 3444 15821 15833 
1 4 11531 9575 15849 11494 
1 6 3512 6622 15853 11388 247 336 
1 3 6535 15853 11388 
2 5 6535 9509 405 15823 3395 
2 4 6488 6594 15827 9557 
2 6 11531 563 3558 3530 15845 9517 
2 6 3692 6712 6542 3530 15845 9517 
3 5 9517 15845 6568 589 6488 
2 7 3474 482 6524 15844 6501 538 3535 
1 5 6377 6263 526 9375 3522 
2 5 321 9388 3340 349 6282 
2 6 321 15835 11276 11219 375 3499 
2 3 11544 9572 9557 
1 4 673 11634 15847 688 
3 4 11666 15822 6739 9692 
2 6 11666 15822 6739 3718 557 3569 
4 8 11666 15822 9527 6552 543 9541 9569 11542 
1 5 3414 3583 9567 15838 6464 
1 3 9427 15816 3586 
4 3 6464 15839 15816 
2 4 279 3324 389 362 
1 5 362 389 3380 6402 6332 
1 4 9496 3572 6595 552 
1 3 6389 317 11366 
1 4 9347 3368 3231 11366 
1 4 6469 9482 529 11494 
1 4 11948 12085 1054 12060 
4 5 12060 4086 1081 15859 1100 
2 6 11948 10110 4126 11977 15859 1100 
2 4 4086 4056 15856 12060 
3 10 4056 7121 11912 12011 7021 1148 11958 848 10083 6928 
4 2 1100 7204 
4 3 7204 7221 7125 
1 2 7221 10036 
2 4 12040 7125 10036 7021 
1 6 12040 7221 7204 11992 7175 4126 
2 5 7125 4004 848 10083 6928 
4 5 12040 15855 15860 11915 10065 
1 4 4107 7155 11915 10065 
1 2 10065 4052 
4 5 10065 9790 912 11835 6981 
2 7 10065 9790 11896 9795 9848 945 9759 
3 8 6928 3981 3852 6922 959 6822 898 6944 
5 10 1182 9998 7157 7087 12097 15878 10125 4172 1067 15872 
2 6 7072 7113 1133 15876 4054 4142 
2 4 10125 4142 1051 7072 
3 7 7072 15872 1067 11960 15879 7102 10032 
2 8 7072 15873 12031 7212 11946 1092 10052 11985 
1 3 7212 4094 9965 
2 5 4179 15865 4094 15867 7197 
1 2 4179 7046 
3 10 15872 1136 9985 10055 1167 7145 1191 7050 15869 11985 
2 4 4172 7187 7217 10128 
3 5 10032 10128 15880 12007 1117 
3 6 1117 12007 15877 10100 12072 7087 
3 8 15872 1067 4172 7187 4069 10100 15877 12007 
5 3 1182 1097 4188 
1 2 4188 4184 
4 4 1097 4100 7016 4118 
2 4 1097 1182 15881 12072 
1 5 1097 4000 11908 15877 12007 
2 4 1097 4000 11989 1117 
3 5 1097 993 1113 15883 1024 
4 6 7169 1024 4118 7016 4100 4188 
2 7 1117 11930 4067 1063 15886 9865 6994 
3 3 7169 15885 4067 
2 6 7169 15884 12056 3848 6994 9859 
2 2 9859 3962 
3 3 3962 7532 10444 
2 2 11985 1025 
4 5 1025 7110 15861 15862 9950 
3 4 9950 1158 10011 12060 
4 6 7110 4164 11925 12006 1183 4102 
3 6 1025 10020 4027 10092 7178 1020 
1 4 1020 15864 11949 4102 
2 3 11925 15863 10092 
3 9 15887 7214 15892 11959 15895 15893 1091 12068 11914 
1 8 15887 7186 15888 9955 4096 15894 1175 11914 
1 2 375 6521 
2 3 3444 15834 6469 
3 12 3686 705 3722 568 737 11715 11561 6451 6478 6507 6495 9519 
4 2 6050 161 
1 12 4224 1591 7795 10619 12529 10680 12662 12635 10584 4867 12594 11410 
1 7 4553 15150 4901 4473 12434 1536 7661 
1 3 413 6317 6369 
1 11 9355 11368 11337 328 356 3346 6398 6369 9367 11381 11351 
2 10 11523 6450 11449 9460 6492 3465 9422 471 340 11351 
1 3 6450 483 3477 
1 2 3477 326 
1 8 6450 3578 6539 9475 6506 6602 3555 3529 
1 10 3529 11474 520 6516 6486 9455 11429 6620 9592 9753 
1 17 9417 585 3587 6781 9742 9688 748 6753 9707 6750 11661 11690 712 6730 700 6701 3668 
1 4 11724 9739 9705 6750 
4 22 7661 7495 4614 4477 15129 11674 12309 4534 1599 6671 3658 772 11599 11617 11647 9663 3698 15134 3717 6738 3720 3734 
1 3 12320 12380 1599 
1 3 1599 1530 15133 
1 15 9417 11434 11450 15687 11459 11476 9565 3431 9464 6528 11512 3566 471 340 11351 
2 7 6528 9502 487 11485 9436 6602 6506 
1 9 9417 11418 449 3478 3489 3505 6527 9504 3529 
1 10 6380 6414 6348 3263 274 11300 11235 11284 6252 3335 
1 5 6262 6315 9266 9330 11248 
1 2 81 6189 
1 5 4640 126 3120 181 11080 
3 6 9098 3053 9408 11202 6324 11392 
1 5 9660 15978 6703 3680 11610 
1 6 9660 956 684 6700 9621 3623 
1 8 9660 716 3731 6751 11520 3730 9706 746 
4 4 3314 68 15172 391 
1 4 9498 3211 15981 391 
5 7 3512 15833 13295 9363 6241 15980 391 
3 6 391 11456 6496 11419 6598 516 
1 7 11929 9993 12423 10416 10443 7565 12338 
2 7 4245 12050 7124 16115 4616 16142 11929 
3 7 4245 4204 10077 4644 7593 4544 4516 
1 8 4245 4204 10077 4644 16114 16118 12338 10389 
1 10 4245 4062 4104 12063 10088 10116 10060 12462 10001 10255 
1 8 12338 16117 10349 16121 16136 12366 16125 10514 
1 8 12338 16117 10349 16121 16136 7455 1116 12322 
1 4 4516 16100 1569 13220 
1 6 13220 10471 16105 12452 12035 7593 
1 4 4516 1541 7334 7064 
3 10 13220 16050 9973 12777 16046 12137 5086 10794 16043 2086 
1 4 4104 1059 10358 12452 
1 5 12338 13222 7475 16097 4516 
1 4 11929 11968 12010 9991 
1 5 16046 16052 4299 1983 7064 
2 8 7064 1983 8082 8114 16048 9951 16043 2086 
3 8 2086 16039 2032 16038 16036 12822 12005 10066 
1 6 2086 16039 2002 16034 10772 10066 
1 3 3456 10108 4110 
1 9 4110 10108 16017 7049 16019 10735 10813 15992 15993 
1 5 2070 5075 12761 8013 15993 
1 8 4110 16018 7084 4382 1971 10898 8007 16026 
1 4 16026 9084 16027 10066 
1 4 16027 10887 16023 10066 
1 3 16026 16025 10066 
1 7 10898 10139 16029 13229 16030 10173 12717 
1 5 10887 4979 16014 8022 12717 
1 9 3456 10108 4110 1980 10847 4984 13482 16063 2054 
1 4 2054 16061 16040 2086 
1 6 8114 16048 13223 5002 11955 16038 
3 8 9975 11952 7150 16066 4187 16067 7013 1349 
1 8 1349 10270 12182 10210 12295 7250 4291 1273 
1 4 9975 16070 7207 4132 
1 5 9975 16070 7207 16073 12037 
1 8 9975 16069 16071 12829 4149 1908 16064 2054 
1 6 9975 11952 16068 8076 16075 12080 
1 7 12080 4106 10816 1949 2036 16047 16046 
1 5 10030 16074 7430 10872 12080 
1 9 10255 4237 7297 7340 4321 1430 10152 12180 10278 
1 6 1321 1238 7447 7391 10190 7244 
1 8 7447 10274 7363 8067 10808 12734 4420 10278 
1 5 10278 4420 12734 10808 8011 
1 9 7340 4321 4365 1317 8087 11950 10511 12781 10030 
1 7 16151 16148 1213 16145 16155 10287 10201 
1 3 16151 7260 16152 
1 2 12717 12763 
1 7 15948 13726 13706 16171 15957 15958 13705 
1 4 15957 15956 16170 15955 
1 4 13705 15959 16172 15960 
1 4 15944 15945 15964 16173 
2 6 11581 624 11594 3627 16177 6647 
1 6 11899 6799 16178 9591 16176 6647 
1 8 6614 9586 6983 11572 15676 9591 16176 6647 
1 4 6647 9608 9643 11610 
1 7 11921 10026 7005 11957 12039 1189 1149 
1 14 1149 4194 7209 9980 1118 1041 4047 10046 10117 12088 1198 1127 4120 11954 
1 9 11954 10123 12094 4151 1204 7082 9992 1130 4136 
2 4 7211 7096 3988 4109 
1 6 4109 3988 1109 16187 863 3973 
1 4 3973 3844 10163 11818 
1 7 863 11786 16188 3914 14672 914 11767 
2 8 3884 14446 9875 14448 16194 9780 14673 3896 
1 6 3896 11858 937 14681 982 11899 
1 6 3984 3939 16199 14681 982 11899 
1 5 9783 9769 9612 6658 9617 
1 3 9783 11597 657 
1 8 949 3971 3952 3796 9610 6842 9769 9783 
1 4 949 3908 3937 6923 
1 11 14448 16195 833 14678 14669 867 14668 9874 15648 6953 11887 
1 6 11818 10163 936 974 3865 14668 
2 5 14668 3882 14667 935 949 
1 3 3896 16201 9809 
1 6 11818 10163 3526 16203 6990 9930 
1 5 9930 14447 16204 11905 11842 
3 6 11829 16207 11811 6871 3951 909 
1 4 909 3907 11784 11747 
1 4 11829 16207 11811 16209 
2 6 909 3983 3856 981 785 11778 
1 7 909 3983 6945 11796 3927 6992 4112 
2 5 11747 9844 6920 3919 11866 
2 10 3983 9878 3876 11860 940 9755 6807 9763 10056 16255 
2 5 11747 804 16262 3807 921 
1 4 921 961 11810 16255 
2 8 921 6977 9777 6950 960 3935 9915 11881 
2 6 16255 11746 806 16256 3889 12473 
1 9 11746 806 16256 3889 16245 9893 16242 11759 4512 
1 6 16242 16244 7620 6965 3950 6950 
1 7 6950 3950 6919 11797 9954 11853 16228 
2 7 16228 6991 10472 12441 6669 9702 1599 
1 5 1896 4755 7604 16235 16234 
1 3 1896 4755 6997 
1 3 11778 16215 6912 
1 7 947 3786 6871 11811 16207 11829 9833 
1 8 6923 893 9862 11842 16206 6895 16254 9833 
1 9 12473 14686 14684 1056 14467 16270 4550 16271 4111 
1 7 4111 1074 16266 7170 15804 15738 1065 
1 6 4111 1074 16266 7170 14454 7151 
1 3 16256 16222 12029 
1 4 14686 14685 7140 1088 
1 2 1056 10087 
1 7 4512 16239 16237 16282 10804 10106 16286 
1 7 16286 10106 16287 15761 6826 16291 3916 
2 6 16286 10106 16287 15760 3795 12046 
1 10 12046 15756 12839 16298 16302 1631 4440 1544 7001 7151 
1 6 12046 15757 15766 16305 15750 7977 
1 9 12046 15752 15753 15754 15749 8001 16319 15765 2089 
1 3 2089 16317 8085 
1 4 6826 15763 16322 4943 
1 11 14686 14687 16279 1606 16280 1578 1549 16282 10804 10106 16286 
1 3 15127 11333 16330 
1 8 3501 16329 16330 11446 9458 6489 6351 3369 
1 6 15127 16363 16331 9239 11471 3369 
1 4 15127 11333 13070 3501 
1 6 15127 11374 16366 271 16367 322 
4 6 15127 16332 11221 9268 6270 9297 
3 4 3369 16325 16359 9297 
1 4 3369 6378 16337 377 
1 9 377 407 16338 11361 3274 16339 6363 9364 16340 
3 5 9297 11345 3301 3205 16340 
2 8 9458 6489 16324 3422 9562 11406 540 6526 
1 8 9297 6270 11279 364 9322 3287 16364 322 
4 6 16340 6384 16342 6318 16344 9379 
1 3 3205 16341 6318 
3 3 6318 16344 16343 
1 5 16343 11382 16370 9250 11297 
1 5 9379 9332 16369 11270 351 
2 3 9285 219 351 
1 5 351 11299 11378 9392 16352 
1 5 3273 6385 284 11161 9075 
1 6 9075 9161 11207 16356 200 16357 
1 2 3369 9484 
2 5 11221 11253 221 16365 322 
1 4 11221 16335 364 16370 
1 5 16340 3205 16336 6237 11279 
1 4 11297 16368 11317 9332 
1 6 9297 6270 6221 9239 16326 9458 
1 2 6237 11382 
2 11 16340 6384 6335 6399 16372 9285 11218 16378 6320 16376 3273 
1 5 3273 16377 9383 16374 16352 
1 9 16352 16374 9383 6300 16355 16360 3150 11136 16357 
