1 8 
1 21 
1 39 
1 101 
1 117 
1 121 
1 122 
1 141 
1 192 
1 241 
1 271 
1 285 
1 299 
1 306 
1 310 
1 321 
1 322 
1 351 
1 362 
1 377 
1 383 
1 385 
1 394 
1 399 
1 418 
1 492 
1 495 
1 512 
1 516 
1 525 
1 540 
1 587 
1 603 
1 620 
1 657 
1 663 
1 673 
1 678 
1 688 
1 689 
1 690 
1 692 
1 719 
1 737 
1 740 
1 743 
1 746 
1 748 
1 758 
1 782 
1 788 
1 804 
1 819 
1 832 
1 849 
1 867 
1 873 
1 875 
1 883 
1 885 
1 887 
1 902 
1 909 
1 911 
1 913 
1 915 
1 921 
1 925 
1 940 
1 944 
1 947 
1 949 
1 952 
1 957 
1 974 
1 1025 
1 1047 
1 1048 
1 1056 
1 1065 
1 1069 
1 1091 
1 1092 
1 1097 
1 1117 
1 1132 
1 1149 
1 1150 
1 1176 
1 1182 
1 1185 
1 1278 
1 1292 
1 1295 
1 1319 
1 1321 
1 1330 
1 1349 
1 1359 
1 1375 
1 1384 
1 1387 
1 1402 
1 1403 
1 1408 
1 1418 
1 1449 
1 1454 
1 1488 
1 1492 
1 1519 
1 1528 
1 1534 
1 1550 
1 1554 
1 1562 
1 1572 
1 1583 
1 1588 
1 1594 
1 1595 
1 1599 
1 1630 
1 1632 
1 1635 
1 1639 
1 1646 
1 1652 
1 1727 
1 1747 
1 1794 
1 1801 
1 1806 
1 1814 
1 1821 
1 1827 
1 1843 
1 1866 
1 1903 
1 1937 
1 1965 
1 2011 
1 2021 
1 2023 
1 2038 
1 2046 
1 2050 
1 2054 
1 2065 
1 2086 
1 2089 
1 2097 
1 2115 
1 2123 
1 2136 
1 2152 
1 2171 
1 2174 
1 2196 
1 2197 
1 2208 
1 2210 
1 2211 
1 2227 
1 3010 
1 3022 
1 3083 
1 3092 
1 3108 
1 3122 
1 3134 
1 3140 
1 3150 
1 3151 
1 3152 
1 3187 
1 3189 
1 3202 
1 3205 
1 3273 
1 3288 
1 3296 
1 3301 
1 3309 
1 3314 
1 3320 
1 3325 
1 3326 
1 3335 
1 3338 
1 3369 
1 3379 
1 3456 
1 3457 
1 3499 
1 3501 
1 3509 
1 3512 
1 3521 
1 3522 
1 3529 
1 3544 
1 3552 
1 3559 
1 3561 
1 3563 
1 3569 
1 3580 
1 3581 
1 3585 
1 3588 
1 3594 
1 3601 
1 3652 
1 3653 
1 3668 
1 3671 
1 3686 
1 3692 
1 3719 
1 3734 
1 3772 
1 3775 
1 3778 
1 3780 
1 3816 
1 3834 
1 3878 
1 3881 
1 3894 
1 3895 
1 3896 
1 3938 
1 3943 
1 3945 
1 3951 
1 3957 
1 3959 
1 3960 
1 3978 
1 3983 
1 3992 
1 4014 
1 4042 
1 4052 
1 4056 
1 4073 
1 4075 
1 4076 
1 4098 
1 4102 
1 4108 
1 4109 
1 4110 
1 4111 
1 4112 
1 4132 
1 4135 
1 4136 
1 4159 
1 4188 
1 4189 
1 4190 
1 4201 
1 4206 
1 4224 
1 4245 
1 4247 
1 4268 
1 4274 
1 4278 
1 4285 
1 4345 
1 4379 
1 4401 
1 4425 
1 4464 
1 4512 
1 4516 
1 4518 
1 4543 
1 4559 
1 4569 
1 4604 
1 4608 
1 4619 
1 4640 
1 4641 
1 4642 
1 4696 
1 4709 
1 4723 
1 4724 
1 4739 
1 4740 
1 4759 
1 4789 
1 4799 
1 4801 
1 4860 
1 4865 
1 4867 
1 4872 
1 4879 
1 4904 
1 4925 
1 4933 
1 4948 
1 4956 
1 4709
1 4975 
1 4982 
1 4987 
1 5001 
1 5005 
1 5010 
1 5015 
1 5021 
1 5033 
1 5040 
1 5052 
1 5066 
1 5075 
1 5091 
1 5112 
1 5117 
1 5139 
1 5163 
1 5166 
1 5168 
1 5184 
1 5199 
1 5210 
1 5215 
1 6050 
1 6115 
1 6121 
1 6124 
1 6221 
1 6237 
1 6248 
1 6262 
1 6270 
1 6278 
1 6282 
1 6287 
1 6300 
1 6318 
1 6332 
1 6335 
1 6336 
1 6338 
1 6364 
1 6375 
1 6377 
1 6380 
1 6384 
1 6389 
1 6449 
1 6450 
1 6455 
1 6464 
1 6468 
1 6474 
1 6488 
1 6489 
1 6510 
1 6521 
1 6522 
1 6528 
1 6536 
1 6546 
1 6550 
1 6558 
1 6559 
1 6560 
1 6583 
1 6606 
1 6613 
1 6657 
1 6710 
1 6711 
1 6732 
1 6734 
1 6780 
1 6785 
1 6811 
1 6826 
1 6831 
1 6845 
1 6855 
1 6867 
1 6880 
1 6882 
1 6890 
1 6891 
1 6906 
1 6912 
1 6923 
1 6928 
1 6948 
1 6950 
1 6969 
1 6973 
1 6981 
1 6984 
1 6990 
1 6994 
1 6999 
1 7011 
1 7014 
1 7025 
1 7069 
1 7072 
1 7081 
1 7083 
1 7087 
1 7097 
1 7100 
1 7101 
1 7110 
1 7125 
1 7132 
1 7137 
1 7138 
1 7140 
1 7151 
1 7169 
1 7183 
1 7186 
1 7191 
1 7193 
1 7202 
1 7211 
1 7212 
1 7243 
1 7244 
1 7259 
1 7290 
1 7315 
1 7340 
1 7361 
1 7375 
1 7381 
1 7388 
1 7394 
1 7408 
1 7418 
1 7433 
1 7447 
1 7455 
1 7462 
1 7476 
1 7477 
1 7480 
1 7552 
1 7564 
1 7566 
1 7602 
1 7617 
1 7620 
1 7621 
1 7622 
1 7630 
1 7632 
1 7646 
1 7660 
1 7661 
1 7669 
1 7706 
1 7708 
1 7716 
1 7758 
1 7763 
1 7787 
1 7789 
1 7797 
1 7798 
1 7812 
1 7825 
1 7832 
1 7835 
1 7869 
1 7899 
1 7911 
1 7921 
1 7959 
1 7960 
1 7986 
1 8001 
1 8010 
1 8011 
1 8057 
1 8085 
1 8087 
1 8097 
1 8105 
1 8113 
1 8124 
1 8143 
1 8144 
1 8181 
1 8186 
1 8216 
1 8227 
1 8236 
1 8245 
1 8248 
1 8252 
1 9073 
1 9075 
1 9096 
1 9108 
1 9116 
1 9130 
1 9131 
1 9206 
1 9221 
1 9239 
1 9250 
1 9262 
1 9268 
1 9279 
1 9285 
1 9288 
1 9289 
1 9292 
1 9297 
1 9332 
1 9335 
1 9340 
1 9347 
1 9355 
1 9379 
1 9417 
1 9434 
1 9450 
1 9458 
1 9484 
1 9490 
1 9495 
1 9498 
1 9503 
1 9508 
1 9515 
1 9517 
1 9523 
1 9559 
1 9566 
1 9570 
1 9606 
1 9611 
1 9616 
1 9617 
1 9620 
1 9621 
1 9627 
1 9648 
1 9655 
1 9660 
1 9671 
1 9692 
1 9713 
1 9716 
1 9727 
1 9737 
1 9753 
1 9759 
1 9764 
1 9783 
1 9814 
1 9817 
1 9824 
1 9832 
1 9833 
1 9835 
1 9843 
1 9904 
1 9907 
1 9908 
1 9930 
1 9932 
1 9940 
1 9943 
1 9945 
1 9950 
1 9964 
1 9970 
1 9973 
1 9974 
1 9975 
1 9979 
1 9990 
1 9991 
1 9994 
1 9998 
1 10000 
1 10001 
1 10007 
1 10024 
1 10030 
1 10031 
1 10032 
1 10060 
1 10062 
1 10066 
1 10068 
1 10071 
1 10074 
1 10076 
1 10087 
1 10125 
1 10172 
1 10194 
1 10201 
1 10203 
1 10245 
1 10253 
1 10256 
1 10274 
1 10278 
1 10284 
1 10297 
1 10327 
1 10329 
1 10337 
1 10344 
1 10362 
1 10364 
1 10387 
1 10401 
1 10402 
1 10412 
1 10433 
1 10444 
1 10447 
1 10449 
1 10472 
1 10478 
1 10513 
1 10514 
1 10527 
1 10573 
1 10616 
1 10624 
1 10627 
1 10641 
1 10678 
1 10696 
1 10697 
1 10717 
1 10737 
1 10740 
1 10756 
1 10760 
1 10765 
1 10769 
1 10773 
1 10798 
1 10830 
1 10831 
1 10837 
1 10840 
1 10490
1 10860 
1 10862 
1 10886 
1 10887 
1 10906 
1 10909 
1 10931 
1 10946 
1 10953 
1 10978 
1 10980 
1 10981 
1 10992 
1 10998 
1 10999 
1 11007 
1 11009 
1 11028 
1 11071 
1 11105 
1 11121 
1 11159 
1 11215 
1 11218 
1 11221 
1 11225 
1 11241 
1 11248 
1 11270 
1 11279 
1 11293 
1 11297 
1 11301 
1 11344 
1 11349 
1 11351 
1 11366 
1 11371 
1 11372 
1 11374 
1 11375 
1 11380 
1 11382 
1 11388 
1 11392 
1 11437 
1 11465 
1 11467 
1 11479 
1 11483 
1 11504 
1 11506 
1 11516 
1 11519 
1 11531 
1 11539 
1 11542 
1 11544 
1 11546 
1 11548 
1 11563 
1 11581 
1 11584 
1 11586 
1 11614 
1 11654 
1 11666 
1 11670 
1 11674 
1 11677 
1 11686 
1 11690 
1 11700 
1 11707 
1 11746 
1 11747 
1 11751 
1 11752 
1 11764 
1 11767 
1 11771 
1 11778 
1 11796 
1 11797 
1 11800 
1 11805 
1 11814 
1 11818 
1 11825 
1 11829 
1 11833 
1 11834 
1 11837 
1 11842 
1 11846 
1 11864 
1 11866 
1 11887 
1 11899 
1 11913 
1 11914 
1 11921 
1 11925 
1 11929 
1 11948 
1 11954 
1 11959 
1 11960 
1 11964 
1 11968 
1 11969 
1 11975 
1 11976 
1 11977 
1 11985 
1 11998 
1 11999 
1 12007 
1 12029 
1 12038 
1 12044 
1 12046 
1 12049 
1 12068 
1 12080 
1 12141 
1 12148 
1 12175 
1 12189 
1 12199 
1 12211 
1 12263 
1 12299 
1 12320 
1 12322 
1 12329 
1 12333 
1 12338 
1 12342 
1 12357 
1 12366 
1 12384 
1 12406 
1 12421 
1 12423 
1 12446 
1 12461 
1 12473 
1 12501 
1 12503 
1 12535 
1 12559 
1 12586 
1 12603 
1 12604 
1 12621 
1 12627 
1 12635 
1 12641 
1 12674 
1 12683 
1 12715 
1 12717 
1 12727 
1 12735 
1 12736 
1 12738 
1 12763 
1 12766 
1 12782 
1 12798 
1 12823 
1 12865 
1 12885 
1 12910 
1 12951 
1 12954 
1 12958 
1 12960 
1 12977 
1 12978 
1 12982 
1 12985 
1 12989 
1 12994 
1 13002 
1 13011 
1 13013 
1 13015 
1 13017 
1 13071 
1 13086 
1 13087 
1 13091 
1 13150 
1 13195 
1 13203 
1 13207 
1 13220 
1 13269 
1 13280 
1 13285 
1 13293 
1 13342 
1 13357 
1 13376 
1 13383 
1 13386 
1 13397 
1 13422 
1 13467 
1 13488 
1 13489 
1 13492 
1 13495 
1 13515 
1 13522 
1 13523 
1 13558 
1 13577 
1 13583 
1 13587 
1 13622 
1 13641 
1 13686 
1 13687 
1 13700 
1 13701 
1 13705 
1 13710 
1 13728 
1 13729 
1 13730 
1 13771 
1 13782 
1 13796 
1 13816 
1 13841 
1 13876 
1 13879 
1 13900 
1 13963 
1 14059 
1 14067 
1 14093 
1 14118 
1 14126 
1 14131 
1 14145 
1 14146 
1 14158 
1 14205 
1 14428 
1 14448 
1 14455 
1 14467 
1 14496 
1 14540 
1 14560 
1 14561 
1 14574 
1 14627 
1 14629 
1 14633 
1 14649 
1 14662 
1 14668 
1 14686 
1 14690 
1 14702 
1 14717 
1 14742 
1 14786 
1 14798 
1 14803 
1 14806 
1 14810 
1 14812 
1 14821 
1 14829 
1 14833 
1 14836 
1 14838 
1 14845 
1 14848 
1 14866 
1 14869 
1 14877 
1 14896 
1 14909 
1 14941 
1 14946 
1 14947 
1 14954 
1 14965 
1 14969 
1 14988 
1 15006 
1 15015 
1 15034 
1 15082 
1 15088 
1 15127 
1 15172 
1 15185 
1 15216 
1 15262 
1 15270 
1 15300 
1 15316 
1 15321 
1 15341 
1 15351 
1 15462 
1 15480 
1 15485 
1 15494 
1 15523 
1 15531 
1 15537 
1 15582 
1 15595 
1 15597 
1 15602 
1 15612 
1 15636 
1 15642 
1 15760 
1 15816 
1 15872 
1 15914 
1 15920 
1 15924 
1 15931 
1 15936 
1 15944 
1 15948 
1 15955 
1 15957 
1 15960 
1 15993 
1 16026 
1 16027 
1 16046 
1 16052 
1 16152 
1 16173 
1 16204 
1 16228 
1 16234 
1 16242 
1 16245 
1 16255 
1 16256 
1 16282 
1 16286 
1 16325 
1 16330 
1 16332 
1 16336 
1 16340 
1 16343 
1 16352 
1 16355 
1 16357 
1 16366 
1 16369 
1 16370 
